Multiplicand: 654654654.658468354
Multiplier: 653846811115254541315631533.86846846468461000656
Result: 428043858330197749340123028707280394.83488026541125681039149240224
Execution Time: 9439700 nanoseconds.